start=201.701500
volume=38.000000
fullscreen=no
