start=1.292956
volume=36.000000
