start=159.904040
volume=44.000000
fullscreen=no
