start=13.920756
volume=44.000000
