start=113.905456
volume=68.000000
