start=190.190000
volume=62.000000
