volume=64.000000
sid=no
sub-pos=99
sub-scale=0.400000
