start=3.116016
volume=40.000000
