volume=52.000000
sub-scale=0.400000
