start=22.752378
volume=42.000000
