start=9.383998
volume=36.000000
