start=173.548378
volume=36.000000
