start=253.503250
volume=60.000000
aid=1
