start=1434.934933
volume=42.000000
