start=1333.707378
volume=32.000000
