start=16.266000
volume=56.000000
sid=1
