start=1.116667
volume=36.000000
fullscreen=yes
