start=1877.964000
volume=32.000000
