start=299.424122
volume=44.000000
