start=2.502500
volume=72.000000
