start=1497.316667
volume=22.000000
sid=no
