start=183.308311
volume=44.000000
