start=1865.233000
volume=54.000000
sub-scale=0.400000
