start=2546.191833
volume=38.000000
aid=3
sid=no
