start=894.833333
volume=56.000000
fullscreen=no
