start=161.661500
volume=52.000000
fullscreen=no
