start=90.903789
volume=32.000000
fullscreen=no
