start=11.469792
volume=36.000000
