start=5.960000
volume=50.000000
sub-scale=0.300000
