start=12434.956000
volume=54.000000
sid=1
sub-scale=0.400000
sub-ass-vsfilter-aspect-compat=no
