start=9509.337000
volume=66.000000
sid=1
