start=74.365956
volume=68.000000
