start=8.031211
volume=32.000000
