start=334.167167
volume=32.000000
