start=4.045711
volume=32.000000
