start=3.000000
volume=58.000000
