start=3004.535000
volume=40.000000
sub-scale=0.300000
