start=4.578333
volume=44.000000
