start=13.266667
volume=62.000000
