start=8.508500
volume=34.000000
