start=24.333333
volume=38.000000
