start=0.634000
volume=56.000000
