start=19.967000
volume=60.000000
