start=0.366992
volume=38.000000
