start=8.742067
volume=66.000000
