start=1.601600
volume=20.000000
fullscreen=no
