start=8.174833
volume=66.000000
